15
00 00 00 00 10 10 10 10 10 00 00 00 00 00 00
10 10 10 10 10 00 00 00 10 00 10 10 10 00 00
10 50 00 00 00 00 31 00 10 00 10 20 10 10 10
10 10 10 10 10 00 00 00 10 00 10 00 00 00 10
00 00 00 00 10 10 10 10 10 00 10 00 32 00 10
10 10 10 10 10 00 00 00 10 00 10 00 00 00 10
10 50 00 00 00 00 32 00 10 00 10 10 10 10 10
10 10 10 10 10 00 00 00 10 00 00 00 00 00 00
00 00 00 00 10 10 10 10 10 00 00 00 00 00 00
00 00 00 00 10 10 10 10 10 00 00 00 00 00 00
00 00 00 00 10 20 00 00 10 10 10 00 00 00 00
00 00 00 00 10 10 10 00 00 00 10 00 00 00 00
00 00 00 00 00 00 10 00 31 00 10 00 00 00 00
00 00 00 00 00 00 10 00 00 00 10 00 00 00 00
00 00 00 00 00 00 10 10 10 10 10 00 00 00 00