22
00 00 00 00 00 00 00 00 00 00 00 00 00 00 00 00 00 00 00 00 00 00
00 00 00 00 00 00 00 00 00 00 00 00 00 00 00 00 00 00 00 00 00 00
00 00 00 00 00 00 00 00 00 00 00 00 00 00 00 00 00 00 00 00 00 00
00 00 00 00 00 00 00 00 00 00 00 00 00 00 00 00 00 00 00 00 00 00
00 00 00 00 00 00 00 00 00 00 00 00 00 00 00 00 00 00 00 00 00 00
00 00 00 00 00 00 00 00 00 00 00 00 00 00 00 00 00 00 00 00 00 00
00 00 00 00 00 00 00 00 10 10 10 00 00 00 00 00 00 00 00 00 00 00
00 00 00 00 00 00 00 00 10 40 10 00 00 00 00 00 00 00 00 00 00 00
00 00 00 00 00 00 00 00 10 20 10 00 00 00 00 00 00 00 00 00 00 00
00 00 00 00 00 00 00 10 10 00 10 00 00 00 00 00 00 00 00 00 00 00
00 00 00 00 00 00 10 10 00 00 10 10 00 00 00 00 00 00 00 00 00 00
00 00 00 10 10 10 10 00 00 00 40 10 00 00 00 00 00 00 00 00 00 00
00 00 00 10 31 10 00 00 00 40 20 10 00 00 00 00 00 00 00 00 00 00
00 00 00 10 00 10 00 00 00 00 00 10 00 00 00 00 00 00 00 00 00 00
00 00 00 10 00 10 00 00 00 00 00 10 10 10 10 10 10 00 00 00 00 00
00 00 00 10 50 10 31 00 00 00 32 10 50 00 00 32 10 00 00 00 00 00
00 00 00 10 10 10 10 10 10 10 10 10 10 10 10 10 10 00 00 00 00 00
00 00 00 00 00 00 00 00 00 00 00 00 00 00 00 00 00 00 00 00 00 00