22
00 00 00 00 00 00 00 00 00 00 00 00 00 00 00 00 00 00 00 00 00 00
00 00 00 00 00 00 00 00 00 00 00 00 00 00 00 00 00 00 00 00 00 00
00 00 00 00 00 00 00 00 00 00 00 00 00 00 00 00 00 00 00 00 00 00
00 00 00 00 00 00 00 00 00 00 00 00 00 00 00 00 00 00 00 00 00 00
00 00 00 00 00 00 00 00 00 00 00 00 00 00 00 00 00 00 00 00 00 00
00 00 00 10 10 10 10 10 10 10 10 10 00 00 00 00 00 00 00 00 00 00
00 10 10 10 20 00 40 00 00 00 00 10 00 00 00 00 00 00 00 00 00 00
00 10 00 00 00 00 40 00 00 00 00 10 00 00 00 00 00 00 00 00 00 00
00 10 00 00 10 00 00 00 00 00 00 10 00 00 00 00 00 00 00 00 00 00
00 10 00 00 00 00 00 00 00 00 00 10 00 00 00 00 00 00 00 00 00 00
00 10 00 00 00 60 00 00 00 00 00 10 00 00 00 00 00 00 00 00 00 00
00 10 00 00 00 00 00 00 00 00 00 10 00 00 00 00 00 00 00 00 00 00
00 10 10 10 10 10 10 40 00 00 00 10 00 00 00 00 00 00 00 00 00 00
00 10 00 00 00 00 00 40 00 00 00 10 00 00 00 00 00 00 00 00 00 00
00 10 00 00 00 00 00 00 00 00 00 10 00 00 00 00 00 00 00 00 00 00
00 10 00 10 00 10 10 10 10 00 00 10 00 00 00 00 00 00 00 00 00 00
00 10 60 10 00 10 00 00 00 40 40 40 00 00 00 00 00 00 00 00 00 00
00 10 50 10 60 10 00 40 00 40 20 40 00 00 00 00 00 00 00 00 00 00
00 10 00 10 50 00 00 40 00 00 00 40 00 00 00 00 00 00 00 00 00 00
00 10 10 10 10 10 40 40 40 40 40 10 00 00 00 00 00 00 00 00 00 00
00 00 00 00 00 00 00 00 00 00 00 00 00 00 00 00 00 00 00 00 00 00