22
00 00 00 00 00 00 00 00 00 00 00 00 00 00 00 00 00 00 00 00 00 00
00 00 00 00 00 00 00 00 00 00 00 00 00 00 00 00 00 00 00 00 00 00
00 00 00 00 00 00 00 40 40 40 40 40 00 00 00 00 00 00 00 00 00 00
00 00 10 40 10 10 10 40 00 00 00 40 00 00 00 00 00 00 00 00 00 00
00 00 10 00 10 00 00 40 00 40 20 40 00 00 00 00 00 00 00 00 00 00
00 00 10 00 10 00 00 40 00 40 10 40 00 00 00 00 00 00 00 00 00 00
00 00 10 20 10 00 00 10 00 00 10 00 00 00 00 00 00 00 00 00 00 00
00 00 10 31 00 00 00 00 00 00 10 00 00 00 00 00 00 00 00 00 00 00
00 00 10 00 00 00 00 00 00 00 10 00 00 00 00 00 00 00 00 00 00 00
00 00 10 40 10 40 00 00 00 00 10 00 00 00 00 00 00 00 00 00 00 00
00 00 10 00 00 00 00 00 00 00 10 00 00 00 00 00 00 00 00 00 00 00
00 00 10 00 10 00 40 40 60 40 40 00 00 00 00 00 00 00 00 00 00 00
00 00 10 00 10 00 10 00 00 00 10 00 00 00 00 00 00 00 00 00 00 00
00 00 10 00 10 00 10 00 31 00 10 00 00 00 00 00 00 00 00 00 00 00
00 00 10 50 10 50 10 00 00 00 10 00 00 00 00 00 00 00 00 00 00 00
00 00 10 10 10 10 10 10 10 10 10 00 00 00 00 00 00 00 00 00 00 00
00 00 00 00 00 00 00 00 00 00 00 00 00 00 00 00 00 00 00 00 00 00
00 00 00 00 00 00 00 00 00 00 00 00 00 00 00 00 00 00 00 00 00 00